-617
886
2777
6915
-2207
8335
-4614
-9508
6649
-8579
-7638
27
-1310
-9941
7763
3926
-9460
-6574
-828
5736
-4789
5368
-7433
6429
-4218
-8470
-7138
-4877
4067
-6865
3929
9802
4022
-6942
3069
8167
-8607
8456
5011
8042
6229
7373
-5579
-5081
3784
8537
5198
4324
8315
-5630
-3587
-6474
6091
-1020
9956
-8127
-3138
9170
-3004
7281
-7695
-9075
7084
6327
-9664
-3495
846
-8271
-8687
-4143
6124
3895
9582
-9455
8814
3367
5434
364
-5957
3750
1087
-3192
7276
-2822
5788
3584
-4597
-7349
2754
2399
9932
5060
-324
3368
-2261
12
6226
8586
-1906
7539
-9205
-9430
1434
-9622
7467
-3399
97
2902
3317
492
-3348
-9244
7301
-9720
-5714
-559
3865
-311
-1556
-3381
8440
-5271
8031
-1883
8097
-4229
4481
675
-9291
8927
-5433
7856
9497
2353
4586
6965
5306
-5317
-3781
-1376
1528
2871
-4268
-1171
-497
19
8270
-6632
9708
-3285
-3660
8149
-2204
-9277
-7382
-7755
-7154
3451
2921
-6445
2379
7488
7764
-1772
-159
2350
-4807
-8500
7034
-2236
124
-5086
6987
5856
3743
-3509
-7773
-1635
-141
-8064
1432
2551
6437
9228
3275
5407
-8526
6121
-1142
4395
6029
-8763
-1765
3793
-4182
4428
-3857
1011
5928
9529
8776
-7596
-5557
5763
4613
4538
8606
6840
-7096
-5182
5128
688
7369
-2083
-83
-3004
-6676
-2257
9470
2183
8490
5499
-228
-3275
-4356
5590
7505
-1861
-7046
-214
-2331
8082
-1458
-1536
197
9507
9355
-1196
6348
8611
3622
-2172
-701
-2657
5746
5568
4340
5422
-6689
3810
-2395
-8199
-4339
3730
-5122
1305
-680
8736
9444
-1374
-1478
-6535
-3292
3416
-1718
3258
2924
-2363
-7938
-4376
-7400
2036
3452
1899
9379
-4450
-2532
71
-9027
-2869
-6119
-5070
-1067
-4106
8660
163
7199
-2019
-1101
2996
2959
3773
2813
9668
-2810
-8905
2926
6466
-4916
1340
-7910
-2316
-6624
5542
5936
9107
7445
9756
-821
8418
-3113
-588
-6652
2172
1659
-7991
-7664
-4790
-3658
-2413
8206
9301
7713
-2628
5321
-8745
-5181
-5401
7721
-96
5939
9811
3940
5667
1705
-3772
1127
-850
-4016
6658
-6080
-776
-7578
-2731
-8604
4081
-4370
-9916
9292
1972
-2328
3850
-2375
-4615
-8778
9299
-3360
-3958
-6102
-9287
2298
6190
-9476
-7410
-1791
-1419
-1181
9336
7732
1155
5994
8004
-9621
4769
-4727
-8224
-1150
-2745
-8140
-1858
5579
-4116
-8007
-6795
-2379
9567
-7496
613
-8039
-7246
1326
4259
8944
-1798
3202
-6494
6784
-7979
-7158
868
-472
5189
-1128
-92
-42
498
-1964
8808
7753
-3752
-6697
3333
2133
-8352
2890
9754
7567
1746
368
9529
4500
8046
3788
-203
-3751
-3010
3303
-6967
-4637
2497
253
4892
-2314
9125
-8848
3996
-4025
-812
-843
-6271
5436
2460
3414
-6079
460
-3696
-9972
-1973
8050
-3252
-2444
-1098
-5206
7697
8699
1043
-8961
2002
428
-3597
-5500
-9319
7647
-1462
6159
5151
-7465
-7866
-5661
1692
-7785
6127
-9496
5629
-9951
964
8285
6429
5343
6335
-6823
-7100
-4762
-2029
6949
-9711
5367
7988
2292
-4205
-9257
3144
-7171
8390
-8318
5340
3541
-9431
3826
4232
2261
6042
360
-883
-1977
-3239
-9919
-3691
-6810
5425
8996
-3633
4677
-5766
690
1626
-5476
-3943
-386
3168
-1795
358
-3688
-2614
-4900
-5654
-7274
4994
-5084
6552
-4422
3529
-1054
2290
-7353
6970
9051
9080
9631
8593
857
8627
-8688
-8114
9214
-1645
3512
-9910
4412
9479
-390
8969
-3811
2274
-3645
-2359
6620
-4567
8987
7888
8338
-5434
-2230
-2716
6856
417
-9394
2260
-4151
-9763
-2795
3059
5217
-1482
4945
783
6873
-1542
873
-2363
-5711
-9517
-3393
478
2757
-686
4471
-4271
1100
3459
-6382
-562
8025
1388
3074
1233
8157
3681
-6507
-9642
270
699
3417
-8161
5569
-1637
2622
-1206
3173
9847
6431
7462
6682
9390
-5708
-4209
-4943
5115
1521
6157
-1426
1491
-8053
-7049
9231
5021
537
3740
-4946
4030
4098
5325
-8919
-2484
3516
3002
2231
-3861
-8204
-4596
-7662
4580
9218
9021
3970
9862
-5188
5379
4977
2685
1536
9904
-5824
3483
9207
9759
-5143
-256
3499
-89
-9873
-6050
-4764
7560
-2182
5105
563
-9951
-8756
-1289
-8195
9934
-6709
7375
8955
3614
3589
-6232
-1007
-5082
2805
6882
-5178
6982
-3283
-5970
3093
1574
126
-3407
-8514
253
543
-6926
-2186
4713
8179
8377
4762
5775
-2912
2919
5710
-3268
294
1017
-9654
-9765
1137
-4309
-4847
-6057
-7427
-3672
-9075
-709
-3290
4018
7217
6836
6963
5055
-2910
-6142
8130
4904
8571
2661
-367
-315
-5211
3073
-7396
6851
9805
-750
-2132
6503
-515
9006
-7805
4639
-7051
-8880
-9033
-9774
-3237
-2323
596
-6019
-9135
-2440
9036
-2045
-2230
3518
9211
-3658
-7468
-4804
2379
-2679
8270
4984
-5828
4427
-5766
2040
-2717
72
-2602
-4170
-8937
347
-3050
-7970
573
3714
-3941
7522
4047
-3076
-4918
-565
1232
-796
-7046
443
1898
-4514
5640
-5722
-841
262
9262
-317
-8959
9848
-8277
-1676
-3728
-878
4154
-2665
5821
7457
-635
-7253
1171
1776
-9731
-4782
8701
-8297
4653
-67
907
3959
6728
-7194
5797
-1280
-2916
-8692
5334
-7302
991
6376
8898
2715
-8948
-4829
8189
1559
2506
4010
-984
8224
3109
6539
0
3378
8109
-4947
5081
-886
1338
-4011
9426
-1933
-4853
5223
6787
2231
6532
2122
1281
-6125
-5150
179
6590
-7746
5350
1131
3813
-2143
-8506
9181
-3919
4603
5720
2433
-2018
181
7487
9415
9296
-1175
-4596
8722
6892
551
297
32
9134
-6819
8506
415
-2943
9708
-9405
9999
-8038
2297
-2517
5776
-9846
-1023
1309
-7413
9932
-6618
5021
-5734
3563
-1140
-6318
-789
7685
-914
-5715
930
5990
4583
7314
1476
4116
5820
-8108
7525
5528
8839
7525
7490
1136
-8640
-382
-2357
337
-9072
-3418
-3379
-5690
7955
888
4225
-3185
4570
-6563
-9147
-9992
-2278
1783
2350
8657
-903
-6173
-874
-8731
-7929
-3349
3149
-9090
-9472
639
-1602
-8112
6610
2393
-1423
3890
8976
5199
4552
6931
-3913
-1223
-9901
-9343
-1434
-9048
7017
2641
2735
-632
1298
8184
3195
6776
5805
5266
-6572
-1046
2528
-9692
9593
7278
-7803
2555
-328
774
-3555
-5000
-7675
-9003
8283
-1588
-3873
8382
-4579
